2.2947192146116406 -8.997629977257105
4.754011400078947 10.276751688521328
9.029122665270457 13.647400736268484
10.354037847261091 -14.9022639262189
10.381102328692826 -10.287368259716926
5.098954305142412 -70.63144025486207
26.1227204018826 -27.19632330880192
8.428846354494382 -29.8071462613473
8.352283922773612 -10.392084439417198
8.089294165214625 -14.086908469995631
4.518319525102291 -20.611256994903673
11.240786272073851 -8.1499868782876
9.029911549854429 -73.07391593014529
9.569634851169294 5.853247565610024
