3.965678715170127 -5.1530468759223425
4.80445743753995 3.421623825806291
7.439696191173001 18.877468597421828
8.665962383943441 -4.2127733705091055
9.907054365453037 -8.495191035771487
4.519920441890382 -82.2483192524779
25.638099016224096 -26.551777210749613
10.59713443139083 -24.289490960815307
5.198054271898541 -24.30760943821286
5.972571359083452 14.744885646985596
7.587377863136739 -22.00265466288739
11.52307353101486 -15.62716819672411
10.075873688211571 -38.544425109653496
9.005933746598204 135.3033650446943
