3.506068755961925 2.308309858731099
4.948227876284127 -7.145327054658674
9.604773098638951 26.119351773451914
10.756697334830358 -13.416106136611921
14.090180197632241 -11.282977533950932
4.993907579592099 -75.19328340460679
27.59063602810777 -23.598763761613647
9.856713900543014 -44.42340152614345
6.430130758859004 -12.8001293208993
8.28099601260471 4.624847983523362
7.364403902454533 -54.37636225531652
10.466940970947359 5.971968785658763
9.371538831630462 -85.4772384706521
6.755464267440782 10.578564336588075
