3.6860341223073134 5.133282554339675
4.880159288799415 -1.6073781377284888
8.16839835467091 19.803672258726195
10.533669157672215 -12.228380104445163
13.725817058645687 -8.942511107976811
4.14864380107612 -67.38722765094674
26.095575551730107 -18.125383756881746
8.187099470070523 -35.69011803727921
5.751944902321896 -18.927128786178212
5.8181841420271105 -3.831872041841141
7.903393111364458 -37.88840150349814
10.726008629879592 -11.320560649835935
12.610249176448537 -103.31078741177406
8.748704837811987 101.72760088329282
