1.7617568164798338 -4.552669214546897
3.2536650278719685 13.941487032191528
7.95953371554985 22.017271309861542
8.687477369521973 -8.414153266462124
13.384159423235031 0.4010614886136883
5.064023771016507 -81.5372793389356
25.94201858398922 -31.336140004887273
11.613743789749439 -32.95725948751334
5.449321130551433 -11.294551400636282
5.300138834575841 -5.016742448597015
3.539974668638183 -39.30023210482364
9.068031995850536 -0.06124444741594449
9.966146198994695 -94.67016840557206
10.126486337406957 -90.73213636562693
