3.6887181959464215 -9.168771085509375
5.461072583980199 9.92993717868347
8.847965112214998 29.07832880264881
8.921350589922618 -27.3919280826967
13.893958445338905 -9.139589256944403
4.725243071029513 -68.4636454952183
25.536679243212543 -21.34137640368591
12.138973613047268 -41.0784402273512
9.291302987559602 -19.913525511791686
5.9624537683067595 6.2594157185742345
5.7864527227730385 -18.611942034035042
9.757005230382209 -13.250137067417777
9.673545152181036 -112.2790671053861
6.217212864617678 3.974225639555967
