3.9646894722211248 12.718985163454443
3.0788789482247654 14.482040850886783
10.190763734470524 12.282095780961818
8.118968766057558 -12.174639432039474
10.434311747793464 -11.520077730527879
5.164955689709785 -69.79646609743665
26.674799448053815 -23.191835772047206
8.04856988737709 -22.259493209841118
9.190969997601531 -8.044355259791695
7.734000067509443 -6.913197803214209
6.175981300961381 -43.094912600376304
13.371072590600125 -10.455524155464627
11.339120525509149 -42.99930692455593
10.054342006314059 -136.37644776027508
