3.9417536633021664 10.939862020969256
4.413331132416881 -3.328566759193421
7.558870648644544 20.162807903665662
11.587744487603505 -13.007920933828956
14.196853655393806 -4.723033216896806
4.964569385898207 -72.72768100542731
25.208380691226424 -22.409247297866223
10.83724938240426 -31.042550517761907
4.973990368910303 -6.747089980872775
7.422545596806904 7.5712957414794
3.6084831254527496 -39.17241526247161
16.54525230710311 -14.154417879360865
8.893555542280913 -51.75593762922405
10.102030613590005 -53.62707179049441
