2.72607631307747 13.010748158593694
4.414467193154375 5.041902826360668
7.356455898768477 27.66773152308993
7.320999157028556 -7.088269245696855
13.60656427439075 -1.3037148518413597
4.67314748001997 -85.24431058492529
26.399585627602367 -8.116014714545633
11.550995660239398 -28.249828919633828
4.9216001809134 -11.997662072240704
4.607698538446829 0.25518308513291255
7.05941396051799 -24.78859239406715
10.548891051944587 13.774606492515431
9.493511714298378 -99.20672463741779
10.444382130622694 114.73689733405234
